1207001  A.Aziz  4.00  4.00  4.00  4.00  4.00  4.00  4.00  3.00

1207002  Masum   4.00  4.00  4.00  4.00  4.00  4.00  4.00  3.00

1207003  Tanim   4.00  4.00  3.00  4.00  3.00  4.00  3.50  3.00

1207004  Opu     4.00  3.00  4.00  4.00  4.00  4.00  4.00  3.50

1207005  Golap   4.00  4.00  4.00  4.00  4.00  4.00  4.00  3.00

1207006  Kareema 4.00  3.00  4.00  4.00  3.50  4.00  4.00  4.00

1207007  Sharmi  0.00  3.00  4.00  4.00  3.00  4.00  4.00  3.50

1207008  Muna    4.00  4.00  3.50  4.00  4.00  4.00  4.00  3.00

1207009  Soma    3.00  2.00  4.00  4.00  4.00  3.00  4.00  3.00

1207010  Afsana  3.00  3.00  4.00  3.00  4.00  4.00  4.00  3.00

1207011  Shaon   4.00  4.00  4.00  4.00  4.00  4.00  4.00  3.00

1207012  Masum   4.00  4.00  4.00  4.00  4.00  4.00  4.00  3.00

1207013  Nabil   4.00  4.00  3.00  4.00  4.00  4.00  4.00  3.00

1207014  Salman  3.00  3.75  4.00  4.00  4.00  4.00  4.00  3.00

1207015  Tomal   4.00  4.00  4.00  4.00  4.00  4.00  4.00  3.00

1207016  Ashab   0.00  0.00  4.00  2.00  3.00  3.00  0.00  2.00

1207017  Sakib   4.00  4.00  4.00  4.00  4.00  4.00  4.00  3.00

1207018  Mahadi  4.00  4.00  4.00  4.00  3.00  2.00  4.00  3.00

1207019  Susmita 3.00  2.00  3.00  3.75  4.00  3.00  3.00  3.50

1207020  Raihan  4.00  4.00  4.00  4.00  3.00  4.00  3.50  4.00

1207021  Musa    4.00  4.00  4.00  4.00  4.00  3.00  4.00  3.00

1207022  Mim     3.00  3.50  4.00  4.00  3.50  4.00  4.00  3.00

1207023  Dipto   4.00  4.00  4.00  4.00  4.00  4.00  4.00  3.00

1207024  Papon   4.00  4.00  4.00  4.00  4.00  4.00  4.00  3.00

1207025  Abir    3.00  2.00  4.00  4.00  3.50  4.00  4.00  3.00

1207026  Sunonda 0.00  0.00  0.00  0.00  0.00  0.00  0.00  0.00

1207027  Kakon   4.00  4.00  4.00  4.00  4.00  4.00  3.00  3.00

1207028  Tonmoy  4.00  3.00  4.00  4.00  4.00  4.00  4.00  3.00

1207029  Shuvro  4.00  4.00  3.50  3.75  4.00  4.00  4.00  3.50

1207030  Asif    3.75  3.00  3.00  4.00  4.00  4.00  4.00  4.00

1207031  Fahad   2.00  4.00  2.00  4.00  4.00  4.00  4.00  4.00

1207032  Nafeew  2.75  4.00  4.00  4.00  4.00  4.00  4.00  3.75

1207033  Ashik   4.00  2.00  4.00  4.00  4.00  2.00  4.00  3.25

1207034  Rashed  2.00  3.00  3.50  4.00  4.00  4.00  4.00  2.75

1207035  Promee  3.75  3.00  4.00  4.00  3.50  3.00  4.00  4.00

1207036  Rifat   4.00  4.00  3.00  4.00  3.00  4.00  3.50  3.75

1207037  Aney    3.50  3.00  4.00  3.50  3.00  4.00  3.00  2.75

1207038  Mehedi  3.50  3.00  4.00  4.00  3.00  4.00  4.00  3.00

1207039  Mashfi  4.00  3.00  4.00  3.50  3.00  4.00  4.00  4.00

1207040  Sajid   4.00  4.00  4.00  4.00  4.00  4.00  3.75  3.00

1207041  Lion    3.00  2.00  4.00  3.00  4.00  4.00  3.00  4.00

1207042  Ayon    4.00  4.00  2.25  4.00  4.00  2.00  3.00  3.50

1207043  Tanim   3.00  3.00  3.75  4.00  4.00  4.00  4.00  4.00

1207044  Emil    4.00  4.00  4.00  4.00  4.00  2.00  4.00  3.00

1207045  Piyal   4.00  2.00  4.00  4.00  4.00  4.00  4.00  4.00

1207046  Saif    3.00  3.00  4.00  2.00  4.00  3.00  2.00  4.00

1207047  Maheer  3.00  3.00  4.00  4.00  4.00  4.00  4.00  4.00

1207048  Rima    4.00  3.00  4.00  4.00  3.00  4.00  4.00  3.00

1207049  Rejuan  3.00  2.00  3.00  3.75  4.00  4.00  3.00  3.50

1207050  Alamin  3.00  3.00  4.00  4.00  3.75  4.00  3.25  2.25

1207051  Piyal   3.25  3.00  4.00  4.00  4.00  3.00  4.00  4.00

1207052  Zakir   0.00  4.00  4.00  4.00  4.00  4.00  4.00  4.00

1207053  Sabbir  0.00  0.00  3.00  4.00  4.00  4.00  4.00  4.00

1207054  Foysal  3.00  2.00  4.00  4.00  4.00  4.00  4.00  2.00

1207055  Rajesh  4.00  3.00  4.00  4.00  2.00  4.00  4.00  3.25

1207056  Prince  4.00  3.00  4.00  4.00  3.00  4.00  4.00  3.50

1207057  Joti    3.00  2.00  4.00  4.00  3.00  4.00  4.00  2.00

1207058  Dolon   4.00  4.00  3.00  3.50  4.00  3.00  4.00  3.50

1207059  Fattah  4.00  4.00  4.00  3.00  4.00  4.00  4.00  3.00

1207060  Rubel   0.00  0.00  3.00  4.00  3.75  4.00  4.00  3.00
